0.000000000000000000e+00 1.000000000000000000e+01 1.000000000000000000e+01 1.000000000000000000e+01 1.000000000000000056e-01 1.000000000000000056e-01 1.000000000000000056e-01
1.000000000000000056e-01 1.001001670379659281e+01 1.001001670379659281e+01 9.960776943602946076e+00 1.003344481605425165e-01 1.003344481605425165e-01 -8.801972420015047316e-01
2.000000000000000111e-01 1.002006696445275225e+01 1.002006696445275225e+01 9.825819197535432536e+00 1.006711409396229689e-01 1.006711409396229689e-01 -1.805104456279230440e+00
3.000000000000000444e-01 1.003015100756209499e+01 1.003015100756209499e+01 9.603245109347394504e+00 1.010101010102015390e-01 1.010101010102015390e-01 -2.626098748813537220e+00
4.000000000000000222e-01 1.004026906100129324e+01 1.004026906100129324e+01 9.304985910928911252e+00 1.013513513516717535e-01 1.013513513516717535e-01 -3.316246037398430158e+00
5.000000000000000000e-01 1.005042135496126221e+01 1.005042135496126221e+01 8.944548710867422869e+00 1.016949152550826185e-01 1.016949152550826185e-01 -3.870342919688836147e+00
6.000000000000000888e-01 1.006060812197488019e+01 1.006060812197488019e+01 8.535106898030972999e+00 1.020408163280607239e-01 1.020408163280607239e-01 -4.299023943196103481e+00
7.000000000000000666e-01 1.007082959695669366e+01 1.007082959695669366e+01 8.088294123752698184e+00 1.023890785010078408e-01 1.023890785010078408e-01 -4.621263453093121143e+00
8.000000000000000444e-01 1.008108601722708997e+01 1.008108601722708997e+01 7.613692904627966662e+00 1.027397260317851752e-01 1.027397260317851752e-01 -4.858286437257039125e+00
9.000000000000000222e-01 1.009137762254519544e+01 1.009137762254519544e+01 7.118814919974453481e+00 1.030927835114160557e-01 1.030927835114160557e-01 -5.029857388210650093e+00
1.000000000000000000e+00 1.010170465515078853e+01 1.010170465515078853e+01 6.609344521073638568e+00 1.034482758705490835e-01 1.034482758705490835e-01 -5.152615305941728785e+00
1.100000000000000089e+00 1.011206735979090965e+01 1.011206735979090965e+01 6.089476733233279759e+00 1.038062283846250405e-01 1.038062283846250405e-01 -5.239719212016527017e+00
1.200000000000000178e+00 1.012246598375534212e+01 1.012246598375534212e+01 5.562253170880025799e+00 1.041666666799317409e-01 1.041666666799317409e-01 -5.301159802689000777e+00
1.300000000000000044e+00 1.013290077691943480e+01 1.013290077691943480e+01 5.029851892750043518e+00 1.045296167403539783e-01 1.045296167403539783e-01 -5.344317573727758841e+00
1.400000000000000133e+00 1.014337199177394844e+01 1.014337199177394844e+01 4.493818961445816385e+00 1.048951049130724122e-01 1.048951049130724122e-01 -5.374544033121523512e+00
1.500000000000000000e+00 1.015387988346278902e+01 1.015387988346278902e+01 3.955245141828743094e+00 1.052631579150530294e-01 1.052631579150530294e-01 -5.395670267809721032e+00
1.600000000000000089e+00 1.016442470981630564e+01 1.016442470981630564e+01 3.414896684745773126e+00 1.056338028392485168e-01 1.056338028392485168e-01 -5.410414817204072691e+00
1.700000000000000178e+00 1.017500673139646317e+01 1.017500673139646317e+01 2.873310288717501049e+00 1.060070671618296712e-01 1.060070671618296712e-01 -5.420695111313177605e+00
1.800000000000000044e+00 1.018562621153269809e+01 1.018562621153269809e+01 2.330861071973910459e+00 1.063829787487141909e-01 1.063829787487141909e-01 -5.427857794321981011e+00
1.900000000000000133e+00 1.019628341636139268e+01 1.019628341636139268e+01 1.787810843736414412e+00 1.067615658625304942e-01 1.067615658625304942e-01 -5.432845891333675681e+00
2.000000000000000000e+00 1.020697861486651981e+01 1.020697861486651981e+01 1.244342137948469151e+00 1.071428571697883442e-01 1.071428571697883442e-01 -5.436318411101674464e+00
2.100000000000000089e+00 1.021771207891918820e+01 1.021771207891918820e+01 7.005821469658546352e-01 1.075268817479397149e-01 1.075268817479397149e-01 -5.438735302470120381e+00
2.200000000000000178e+00 1.022848408332460401e+01 1.022848408332460401e+01 1.566194365372270414e-01 1.079136690934268117e-01 1.079136690934268117e-01 -5.440417193604871748e+00
2.300000000000000266e+00 1.023929490584634650e+01 1.023929490584634650e+01 -0.000000000000000000e+00 1.083032491272752640e-01 1.083032491272752640e-01 5.441587473144820386e+00
2.400000000000000355e+00 1.025014482726809284e+01 1.025014482726809284e+01 5.441037476322657662e-01 1.086956522047975021e-01 1.086956522047975021e-01 5.440417104298935769e+00
2.500000000000000000e+00 1.026103413143882825e+01 1.026103413143882825e+01 1.088066409162863346e+00 1.090909091236265394e-01 1.090909091236265394e-01 5.438735036081011387e+00
2.600000000000000089e+00 1.027196310529547141e+01 1.027196310529547141e+01 1.631826318788876629e+00 1.094890511295267266e-01 1.094890511295267266e-01 5.436317850237522009e+00
2.700000000000000178e+00 1.028293203892356367e+01 1.028293203892356367e+01 2.175294894349310226e+00 1.098901099262220432e-01 1.098901099262220432e-01 5.432844859504167623e+00
2.800000000000000266e+00 1.029394122561147817e+01 1.029394122561147817e+01 2.718344931537743037e+00 1.102941176846732318e-01 1.102941176846732318e-01 5.427856072285330846e+00
2.900000000000000355e+00 1.030499096188653496e+01 1.030499096188653496e+01 3.260793871330629035e+00 1.107011070504744094e-01 1.107011070504744094e-01 5.420692389908680298e+00
3.000000000000000000e+00 1.031608154756443341e+01 1.031608154756443341e+01 3.802379865589197827e+00 1.111111111528506334e-01 1.111111111528506334e-01 5.410410648623641627e+00
3.100000000000000089e+00 1.032721328579424203e+01 1.032721328579424203e+01 4.342727746960995283e+00 1.115241636133108144e-01 1.115241636133108144e-01 5.395664030308322090e+00
3.200000000000000178e+00 1.033838648310825548e+01 1.033838648310825548e+01 4.881300752844837554e+00 1.119402985548770824e-01 1.119402985548770824e-01 5.374534880565379424e+00
3.300000000000000266e+00 1.034960144948220417e+01 1.034960144948220417e+01 5.417332522403547124e+00 1.123595506121913279e-01 1.123595506121913279e-01 5.344304279445499795e+00
3.400000000000000355e+00 1.036085849838112161e+01 1.036085849838112161e+01 5.949732147311590502e+00 1.127819549407037131e-01 1.127819549407037131e-01 5.301140654216987436e+00
3.500000000000000000e+00 1.037215794681479331e+01 1.037215794681479331e+01 6.476953360991592135e+00 1.132075472268187083e-01 1.132075472268187083e-01 5.239691822641910690e+00
3.600000000000000089e+00 1.038350011538243045e+01 1.038350011538243045e+01 6.996817836466472151e+00 1.136363636969575652e-01 1.136363636969575652e-01 5.152576450392945873e+00
3.700000000000000178e+00 1.039488532833670931e+01 1.039488532833670931e+01 7.506283560663010057e+00 1.140684411288866718e-01 1.140684411288866718e-01 5.029802679075721095e+00
3.800000000000000266e+00 1.040631391363602809e+01 1.040631391363602809e+01 8.001155004079659960e+00 1.145038168618610908e-01 1.145038168618610908e-01 4.858210186997264479e+00
3.900000000000000355e+00 1.041778620300117453e+01 1.041778620300117453e+01 8.475747251520118652e+00 1.149425288073785273e-01 1.149425288073785273e-01 4.621158799111149129e+00
4.000000000000000000e+00 1.042930253197561008e+01 1.042930253197561008e+01 8.922547756906649141e+00 1.153846154604713931e-01 1.153846154604713931e-01 4.298882801872641934e+00
4.100000000000000533e+00 1.044086323997719390e+01 1.044086323997719390e+01 9.331973177482888460e+00 1.158301159101468997e-01 1.158301159101468997e-01 3.870157214509813759e+00
4.200000000000000178e+00 1.045246867036306782e+01 1.045246867036306782e+01 9.692389341695308858e+00 1.162790698514607340e-01 1.162790698514607340e-01 3.316009827049576142e+00
4.299999999999999822e+00 1.046411917048428464e+01 1.046411917048428464e+01 9.990622171443449773e+00 1.167315175970756735e-01 1.167315175970756735e-01 2.625810473498388919e+00
4.400000000000000355e+00 1.047581509175542003e+01 1.047581509175542003e+01 1.021316498696656438e+01 1.171875000892290963e-01 1.171875000892290963e-01 1.804770048503696600e+00
4.500000000000000000e+00 1.048755678973464178e+01 1.048755678973464178e+01 1.034808754678455500e+01 1.176470589139909234e-01 1.176470589139909234e-01 8.798313337047435345e-01
4.600000000000000533e+00 1.049934462416590009e+01 1.049934462416590009e+01 1.038727348663233840e+01 1.181102363118385484e-01 1.181102363118385484e-01 -1.003755437722084892e-01
4.700000000000000178e+00 1.051117895904908117e+01 1.051117895904908117e+01 1.032822987281206473e+01 1.185770751909826087e-01 1.185770751909826087e-01 -1.074115594743579427e+00
4.800000000000000711e+00 1.052306016270981104e+01 1.052306016270981104e+01 1.017468906170774723e+01 1.190476191407660034e-01 1.190476191407660034e-01 -1.981243029114642340e+00
4.900000000000000355e+00 1.053498860786626246e+01 1.053498860786626246e+01 9.935715607934746174e+00 1.195219124451234599e-01 1.195219124451234599e-01 -2.777120184129344693e+00
5.000000000000000000e+00 1.054696467170363938e+01 1.054696467170363938e+01 9.623739725280842094e+00 1.200000000968350217e-01 1.200000000968350217e-01 -3.439470768962687774e+00
5.100000000000000533e+00 1.055898873594610343e+01 1.055898873594610343e+01 9.252334991957399168e+00 1.204819278116955605e-01 1.204819278116955605e-01 -3.966892987272089943e+00
5.200000000000000178e+00 1.057106118690365548e+01 1.057106118690365548e+01 8.834435521131913660e+00 1.209677420410062432e-01 1.209677420410062432e-01 -4.372303402138764561e+00
5.300000000000000711e+00 1.058318241557591222e+01 1.058318241557591222e+01 8.381280801193650376e+00 1.214574899890640131e-01 1.214574899890640131e-01 -4.675550762798157400e+00
5.400000000000000355e+00 1.059535281772212834e+01 1.059535281772212834e+01 7.902023257621513253e+00 1.219512196274754462e-01 1.219512196274754462e-01 -4.897787778398394742e+00
5.500000000000000000e+00 1.060757279394529640e+01 1.060757279394529640e+01 7.403779316136440691e+00 1.224489797119666656e-01 1.224489797119666656e-01 -5.058226299706146456e+00
5.600000000000000533e+00 1.061984274976095222e+01 1.061984274976095222e+01 6.891902914108087863e+00 1.229508197971949379e-01 1.229508197971949379e-01 -5.172798394170573744e+00
5.700000000000000178e+00 1.063216309568070450e+01 1.063216309568070450e+01 6.370329096788918122e+00 1.234567902535247536e-01 1.234567902535247536e-01 -5.253982629510659308e+00
5.800000000000000711e+00 1.064453424729261855e+01 1.064453424729261855e+01 5.841902732947235499e+00 1.239669422836378321e-01 1.239669422836378321e-01 -5.311192154034468871e+00
5.900000000000000355e+00 1.065695662535136634e+01 1.065695662535136634e+01 5.308656857047907351e+00 1.244813279405421608e-01 1.244813279405421608e-01 -5.351350473772222394e+00
6.000000000000000000e+00 1.066943065585823369e+01 1.066943065585823369e+01 4.772032535924033425e+00 1.250000001445607523e-01 1.250000001445607523e-01 -5.379462746225019742e+00
6.100000000000000533e+00 1.068195677015070189e+01 1.068195677015070189e+01 4.233045444101029453e+00 1.255230127017167574e-01 1.255230127017167574e-01 -5.399104728600614855e+00
6.200000000000000178e+00 1.069453540499045374e+01 1.069453540499045374e+01 3.692408586867983011e+00 1.260504203221614605e-01 1.260504203221614605e-01 -5.412810172054663305e+00
6.300000000000000711e+00 1.070716700265904642e+01 1.070716700265904642e+01 3.150621127281549416e+00 1.265822786397692301e-01 1.265822786397692301e-01 -5.422364415947973804e+00
6.400000000000000355e+00 1.071985201103995955e+01 1.071985201103995955e+01 2.608031830208765722e+00 1.271186442306177777e-01 1.271186442306177777e-01 -5.429020476420538976e+00
6.500000000000000000e+00 1.073259088372620695e+01 1.073259088372620695e+01 2.064884053956040244e+00 1.276595746341202819e-01 1.276595746341202819e-01 -5.433655394597687760e+00
6.600000000000000533e+00 1.074538408011996360e+01 1.074538408011996360e+01 1.521347445233611539e+00 1.282051283738432912e-01 1.282051283738432912e-01 -5.436881882659243992e+00
6.700000000000000178e+00 1.075823206552709088e+01 1.075823206552709088e+01 9.775401908198417811e-01 1.287553649782070264e-01 1.287553649782070264e-01 -5.439127435685366052e+00
6.800000000000000711e+00 1.077113531125960577e+01 1.077113531125960577e+01 4.335445889485237680e-01 1.293103450022609624e-01 1.293103450022609624e-01 -5.440690046163847882e+00
6.900000000000000355e+00 1.078409429474026027e+01 1.078409429474026027e+01 -0.000000000000000000e+00 1.298701300500073041e-01 1.298701300500073041e-01 5.441777311752972857e+00
7.000000000000000000e+00 1.079710949957211596e+01 1.079710949957211596e+01 5.441266316683913695e-01 1.304347827924855208e-01 1.304347827924855208e-01 5.440689952727216117e+00
7.100000000000000533e+00 1.081018141572912405e+01 1.081018141572912405e+01 1.088122182012275285e+00 1.310043670015920703e-01 1.310043670015920703e-01 5.439127155609030595e+00
7.200000000000000178e+00 1.082331053958080425e+01 1.082331053958080425e+01 1.631929354825110812e+00 1.315789475633666605e-01 1.315789475633666605e-01 5.436881307146923525e+00
7.300000000000000711e+00 1.083649737404543423e+01 1.083649737404543423e+01 2.175465839064923745e+00 1.321585905076734513e-01 1.321585905076734513e-01 5.433654368724734063e+00
7.400000000000000355e+00 1.084974242872049821e+01 1.084974242872049821e+01 2.718613422889686770e+00 1.327433630354140914e-01 1.327433630354140914e-01 5.429018755182570821e+00
7.500000000000000000e+00 1.086304621997854980e+01 1.086304621997854980e+01 3.261202444237285558e+00 1.333333335414855214e-01 1.333333335414855214e-01 5.422361699308472893e+00
7.600000000000000533e+00 1.087640927109317524e+01 1.087640927109317524e+01 3.802989502556885171e+00 1.339285716423197214e-01 1.339285716423197214e-01 5.412806009262220108e+00
7.700000000000000178e+00 1.088983211235037629e+01 1.088983211235037629e+01 4.343625784296095915e+00 1.345291482019217721e-01 1.345291482019217721e-01 5.399098496220283927e+00
7.800000000000000711e+00 1.090331528118777271e+01 1.090331528118777271e+01 4.882612062242484008e+00 1.351351353612592343e-01 1.351351353612592343e-01 5.379453595573052915e+00
7.900000000000000355e+00 1.091685932232709177e+01 1.091685932232709177e+01 5.419235221403302383e+00 1.357466065674451938e-01 1.357466065674451938e-01 5.351337175332165685e+00
8.000000000000000000e+00 1.093046478790108367e+01 1.093046478790108367e+01 5.952479441736578281e+00 1.363636366029684632e-01 1.363636366029684632e-01 5.311172983045358009e+00
8.099999999999999645e+00 1.094413223759377018e+01 1.094413223759377018e+01 6.480903454294576704e+00 1.369863016168724745e-01 1.369863016168724745e-01 5.253955188680976995e+00
8.200000000000001066e+00 1.095786223876245025e+01 1.095786223876245025e+01 7.002473952517911826e+00 1.376146791539253067e-01 1.376146791539253067e-01 5.172759425066552730e+00
8.300000000000000711e+00 1.097165536659617224e+01 1.097165536659617224e+01 7.514345663408367848e+00 1.382488481891079035e-01 1.382488481891079035e-01 5.058171344267527125e+00
8.400000000000000355e+00 1.098551220425428276e+01 1.098551220425428276e+01 8.012583025931348857e+00 1.388888891598922537e-01 1.388888891598922537e-01 4.897711007201878353e+00
8.500000000000000000e+00 1.099943334301431541e+01 1.099943334301431541e+01 8.491831439720570529e+00 1.395348840002493818e-01 1.395348840002493818e-01 4.675444901393269070e+00
8.599999999999999645e+00 1.101341938242785368e+01 1.101341938242785368e+01 8.944973706152865134e+00 1.401869161762315241e-01 1.401869161762315241e-01 4.372159984174313507e+00
8.700000000000001066e+00 1.102747093046251514e+01 1.102747093046251514e+01 9.362856442688100245e+00 1.408450707201295560e-01 1.408450707201295560e-01 3.966703132307890289e+00
8.800000000000000711e+00 1.104158860366901429e+01 1.104158860366901429e+01 9.734239530821652053e+00 1.415094342686076256e-01 1.415094342686076256e-01 3.439227452835041721e+00
8.900000000000000355e+00 1.105577302734470635e+01 1.105577302734470635e+01 1.004618816078287757e+01 1.421800951014312864e-01 1.421800951014312864e-01 2.776820454341629496e+00
9.000000000000000000e+00 1.107002483567980455e+01 1.107002483567980455e+01 1.028512890665559709e+01 1.428571431775068901e-01 1.428571431775068901e-01 1.980891517973498717e+00
9.099999999999999645e+00 1.108434467198216389e+01 1.108434467198216389e+01 1.043863249500399526e+01 1.435406701810507113e-01 1.435406701810507113e-01 1.073726177504136237e+00
9.200000000000001066e+00 1.109873318880993764e+01 1.109873318880993764e+01 1.049763616213318507e+01 1.442307695589258310e-01 1.442307695589258310e-01 9.997045087905305494e-02
9.300000000000000711e+00 1.111319104815244607e+01 1.111319104815244607e+01 1.045841016231041998e+01 1.449275365634111190e-01 1.449275365634111190e-01 -8.802260240674132374e-01
9.400000000000000355e+00 1.112771892161689991e+01 1.112771892161689991e+01 1.032344964542974353e+01 1.456310682962699832e-01 1.456310682962699832e-01 -1.805130759507580951e+00
9.500000000000000000e+00 1.114231749061420373e+01 1.114231749061420373e+01 1.010087309319171567e+01 1.463414637539657559e-01 1.463414637539657559e-01 -2.626121414977359514e+00
9.600000000000001421e+00 1.115698744655531272e+01 1.115698744655531272e+01 9.802611815893911285e+00 1.470588238744586218e-01 1.470588238744586218e-01 -3.316264589999021961e+00
9.700000000000001066e+00 1.117172949105288104e+01 1.117172949105288104e+01 9.442172940994055352e+00 1.477832515856059292e-01 1.477832515856059292e-01 -3.870357453916013935e+00
9.800000000000000711e+00 1.118654433608308274e+01 1.118654433608308274e+01 9.032729826646599847e+00 1.485148518498902726e-01 1.485148518498902726e-01 -4.299034938186893307e+00
9.900000000000000355e+00 1.120143270422458137e+01 1.120143270422458137e+01 8.585915799228647671e+00 1.492537317197089597e-01 1.492537317197089597e-01 -4.621271541688919626e+00
1.000000000000000000e+01 1.121639532887351898e+01 1.121639532887351898e+01 8.111313878657901100e+00 1.500000003881065691e-01 1.500000003881065691e-01 -4.858292310200126529e+00
1.010000000000000142e+01 1.123143295445648526e+01 1.123143295445648526e+01 7.616435390262108029e+00 1.507537692434526289e-01 1.507537692434526289e-01 -5.029861601036283325e+00
1.020000000000000107e+01 1.124654633666049719e+01 1.124654633666049719e+01 7.106964633104788653e+00 1.515151519257423030e-01 1.515151519257423030e-01 -5.152618302834429898e+00
1.030000000000000071e+01 1.126173624264585982e+01 1.126173624264585982e+01 6.587096591872029450e+00 1.522842643815416341e-01 1.522842643815416341e-01 -5.239721331129485904e+00
1.040000000000000036e+01 1.127700345128156911e+01 1.127700345128156911e+01 6.059872850783011522e+00 1.530612249231053379e-01 1.530612249231053379e-01 -5.301161293791072815e+00
1.050000000000000000e+01 1.129234875339604649e+01 1.129234875339604649e+01 5.527471447103316393e+00 1.538461542907197388e-01 1.538461542907197388e-01 -5.344318619317562913e+00
1.060000000000000142e+01 1.130777295201216326e+01 1.130777295201216326e+01 4.991438427867757710e+00 1.546391757136320322e-01 1.546391757136320322e-01 -5.374544764536684838e+00
1.070000000000000107e+01 1.132327686260288324e+01 1.132327686260288324e+01 4.452864546792654643e+00 1.554404149750617525e-01 1.554404149750617525e-01 -5.395670778586154626e+00
1.080000000000000071e+01 1.133886131334742586e+01 1.133886131334742586e+01 3.912516046707954498e+00 1.562500004783455299e-01 1.562500004783455299e-01 -5.410415173088098939e+00
1.090000000000000036e+01 1.135452714540421937e+01 1.135452714540421937e+01 3.370929620622845402e+00 1.570680633166334772e-01 1.570680633166334772e-01 -5.420695358681796527e+00
1.100000000000000000e+01 1.137027521317375900e+01 1.137027521317375900e+01 2.828480382936384707e+00 1.578947373423879585e-01 1.578947373423879585e-01 -5.427857965957459285e+00
1.110000000000000142e+01 1.138610638457034341e+01 1.138610638457034341e+01 2.285430140206870409e+00 1.587301592396130334e-01 1.587301592396130334e-01 -5.432846010504681189e+00
1.120000000000000107e+01 1.140202154134296819e+01 1.140202154134296819e+01 1.741961424346696763e+00 1.595744686030431403e-01 1.595744686030431403e-01 -5.436318493780806449e+00
1.130000000000000071e+01 1.141802157934620610e+01 1.141802157934620610e+01 1.198201426411508841e+00 1.604278080127204686e-01 1.604278080127204686e-01 -5.438735359945825465e+00
1.140000000000000036e+01 1.143410740885352261e+01 1.143410740885352261e+01 6.542387094290429417e-01 1.612903231164835305e-01 1.612903231164835305e-01 -5.440417227325123228e+00
1.150000000000000000e+01 1.145027995487853723e+01 1.145027995487853723e+01 1.101349322307438039e-01 1.621621627142575683e-01 1.621621627142575683e-01 -5.441587489044978021e+00
1.160000000000000142e+01 1.146654015739562915e+01 1.146654015739562915e+01 -0.000000000000000000e+00 1.630434788277482505e-01 1.630434788277482505e-01 5.442401706555837215e+00
1.170000000000000107e+01 1.148288897183075363e+01 1.148288897183075363e+01 5.442019004183950015e-01 1.639344268151274875e-01 1.639344268151274875e-01 5.441587403168736792e+00
1.180000000000000071e+01 1.149932736929375743e+01 1.149932736929375743e+01 1.088305631653013084e+00 1.648351654451750969e-01 1.648351654451750969e-01 5.440416974872075428e+00
1.190000000000000036e+01 1.151585633689247423e+01 1.151585633689247423e+01 1.632268273678175952e+00 1.657458569868748011e-01 1.657458569868748011e-01 5.438734835933885847e+00
1.200000000000000000e+01 1.153247687815176015e+01 1.153247687815176015e+01 2.176028159148826191e+00 1.666666673169766300e-01 1.666666673169766300e-01 5.436317562526717495e+00
1.210000000000000142e+01 1.154919001342228846e+01 1.154919001342228846e+01 2.719496699976719167e+00 1.675977660279085457e-01 1.675977660279085457e-01 5.432844445955211654e+00
1.220000000000000107e+01 1.156599678019579791e+01 1.156599678019579791e+01 3.262546687187181771e+00 1.685393265218307901e-01 1.685393265218307901e-01 5.427855477805228368e+00
1.230000000000000071e+01 1.158289823349221059e+01 1.158289823349221059e+01 3.804995555156267528e+00 1.694915261182743105e-01 1.694915261182743105e-01 5.420691535699850405e+00
1.240000000000000036e+01 1.159989544624838054e+01 1.159989544624838054e+01 4.346581446358622536e+00 1.704545461652105243e-01 1.704545461652105243e-01 5.410409422343888330e+00
1.250000000000000000e+01 1.161698950974317945e+01 1.161698950974317945e+01 4.886929180093998681e+00 1.714285721555315334e-01 1.714285721555315334e-01 5.395662272238644697e+00
1.260000000000000142e+01 1.163418153402430022e+01 1.163418153402430022e+01 5.425501974442469511e+00 1.724137938471514420e-01 1.724137938471514420e-01 5.374532363070064989e+00
1.270000000000000107e+01 1.165147264833284702e+01 1.165147264833284702e+01 5.961533441346135831e+00 1.734104053853322003e-01 1.734104053853322003e-01 5.344300680580492013e+00
1.280000000000000071e+01 1.166886400154868397e+01 1.166886400154868397e+01 6.493932634119741643e+00 1.744186054302682698e-01 1.744186054302682698e-01 5.301135521931670702e+00
1.290000000000000036e+01 1.168635676265893686e+01 1.168635676265893686e+01 7.021153232601671235e+00 1.754385972908734936e-01 1.754385972908734936e-01 5.239684528791479501e+00
1.300000000000000000e+01 1.170395212119726125e+01 1.170395212119726125e+01 7.541016835916683370e+00 1.764705890559782331e-01 1.764705890559782331e-01 5.152566135305755246e+00
1.310000000000000142e+01 1.172165128776333098e+01 1.172165128776333098e+01 8.050481330958051629e+00 1.775147937416536592e-01 1.775147937416536592e-01 5.029788192086094512e+00
1.320000000000000107e+01 1.173945549451065062e+01 1.173945549451065062e+01 8.545351056469504769e+00 1.785714294357581278e-01 1.785714294357581278e-01 4.858190037795573346e+00
1.330000000000000071e+01 1.175736599566117668e+01 1.175736599566117668e+01 9.019940930662338374e+00 1.796407194497735837e-01 1.796407194497735837e-01 4.621131150966345302e+00
1.340000000000000036e+01 1.177538406804513471e+01 1.177538406804513471e+01 9.466738209575909835e+00 1.807228924778553625e-01 1.807228924778553625e-01 4.298845560337938743e+00
1.350000000000000000e+01 1.179351101161989668e+01 1.179351101161989668e+01 9.876159337961180285e+00 1.818181827550258700e-01 1.818181827550258700e-01 3.870108285347490629e+00
1.360000000000000142e+01 1.181174815005101131e+01 1.181174815005101131e+01 1.023656995432401118e+01 1.829268302294292381e-01 1.829268302294292381e-01 3.315947608734044927e+00
1.370000000000000107e+01 1.183009683128882195e+01 1.183009683128882195e+01 1.053479586540532686e+01 1.840490807388717731e-01 1.840490807388717731e-01 2.625734564245920222e+00
1.380000000000000071e+01 1.184855842814984683e+01 1.184855842814984683e+01 1.075733046022003592e+01 1.851851861864101112e-01 1.851851861864101112e-01 1.804681998541883381e+00
1.390000000000000036e+01 1.186713433901147141e+01 1.186713433901147141e+01 1.089224375931256006e+01 1.863354047424974624e-01 1.863354047424974624e-01 8.797349968899450534e-01
1.400000000000000000e+01 1.188582598837171211e+01 1.188582598837171211e+01 1.093141988516305041e+01 1.875000010292529051e-01 1.875000010292529051e-01 -1.004744301297691295e-01
1.410000000000000142e+01 1.190463482751862223e+01 1.190463482751862223e+01 1.087236652213226229e+01 1.886792463256000696e-01 1.886792463256000696e-01 -1.074210663997013038e+00
1.420000000000000107e+01 1.192356233521122100e+01 1.192356233521122100e+01 1.071881662876826269e+01 1.898734187782900318e-01 1.898734187782900318e-01 -1.981328848243973706e+00
1.430000000000000071e+01 1.194261001837402070e+01 1.194261001837402070e+01 1.047983520656057976e+01 1.910828036205493019e-01 1.910828036205493019e-01 -2.777193364155515543e+00
1.440000000000000036e+01 1.196177941282889989e+01 1.196177941282889989e+01 1.016785269220875776e+01 1.923076934008177419e-01 1.923076934008177419e-01 -3.439530206690078806e+00
1.450000000000000000e+01 1.198107208403645529e+01 1.198107208403645529e+01 9.796442677588009573e+00 1.935483882179109827e-01 1.935483882179109827e-01 -3.966939386713312032e+00
1.460000000000000142e+01 1.200048962779047734e+01 1.200048962779047734e+01 9.378539147972473344e+00 1.948051959568481706e-01 1.948051959568481706e-01 -4.372338519175628768e+00
1.470000000000000107e+01 1.202003367110431320e+01 1.202003367110431320e+01 8.925381392028473471e+00 1.960784325571468256e-01 1.960784325571468256e-01 -4.675576723477894880e+00
1.480000000000000071e+01 1.203970587298645079e+01 1.203970587298645079e+01 8.446121623523024979e+00 1.973684222687918099e-01 1.973684222687918099e-01 -4.897806639045361621e+00
1.490000000000000036e+01 1.205950792532902227e+01 1.205950792532902227e+01 7.947876075802612128e+00 1.986754979373079877e-01 1.986754979373079877e-01 -5.058239829776659313e+00
1.500000000000000000e+01 1.207944155373822959e+01 1.207944155373822959e+01 7.435998526732575442e+00 2.000000012817878814e-01 2.000000012817878814e-01 -5.172808012432401625e+00
1.510000000000000142e+01 1.209950851844805975e+01 1.209950851844805975e+01 6.914423896635336853e+00 2.013422831949365499e-01 2.013422831949365499e-01 -5.253989422883948990e+00
1.520000000000000107e+01 1.211971061524448068e+01 1.211971061524448068e+01 6.385996960038756498e+00 2.027027040512890399e-01 2.027027040512890399e-01 -5.311196930321110621e+00
1.530000000000000071e+01 1.214004967645568378e+01 1.214004967645568378e+01 5.852750682092793255e+00 2.040816340349439206e-01 2.040816340349439206e-01 -5.351353821111745290e+00
1.540000000000000036e+01 1.216052757192429645e+01 1.216052757192429645e+01 5.316126079522156544e+00 2.054794534703749675e-01 2.054794534703749675e-01 -5.379465086846543898e+00
1.550000000000000000e+01 1.218114621004712994e+01 1.218114621004712994e+01 4.777138791052776057e+00 2.068965531737896046e-01 2.068965531737896046e-01 -5.399106362699799710e+00
1.560000000000000142e+01 1.220190753883642998e+01 1.220190753883642998e+01 4.236501796607027082e+00 2.083333348163027288e-01 2.083333348163027288e-01 -5.412811311643100254e+00
1.570000000000000107e+01 1.222281354704193568e+01 1.222281354704193568e+01 3.694714241368035168e+00 2.097902113068570440e-01 2.097902113068570440e-01 -5.422365210065638763e+00
1.580000000000000071e+01 1.224386626527896382e+01 1.224386626527896382e+01 3.152124877584864482e+00 2.112676071850072002e-01 2.112676071850072002e-01 -5.429021029238031204e+00
1.590000000000000036e+01 1.226506776719699232e+01 1.226506776719699232e+01 2.608977054868853340e+00 2.127659590313901450e-01 2.127659590313901450e-01 -5.433655779176605805e+00
1.600000000000000000e+01 1.228642017073496540e+01 1.228642017073496540e+01 2.065440413837827727e+00 2.142857159023883740e-01 2.142857159023883740e-01 -5.436882150167578587e+00
1.610000000000000142e+01 1.230792563940255491e+01 1.230792563940255491e+01 1.521633136966202393e+00 2.158273397804694183e-01 2.158273397804694183e-01 -5.439127621776290056e+00
1.619999999999999929e+01 1.232958638358401693e+01 1.232958638358401693e+01 9.776375194761672827e-01 2.173913060412099307e-01 2.173913060412099307e-01 -5.440690175611746504e+00
1.630000000000000071e+01 1.235140466191406894e+01 1.235140466191406894e+01 4.335108477264559834e-01 2.189781039451903777e-01 2.189781039451903777e-01 -5.441777389361099893e+00
1.640000000000000213e+01 1.237338278266589775e+01 1.237338278266589775e+01 -0.000000000000000000e+00 2.205882371415205934e-01 2.205882371415205934e-01 5.442533822757228634e+00
1.650000000000000000e+01 1.239552310497563070e+01 1.239552310497563070e+01 5.442178270699713494e-01 2.222222241495454831e-01 2.222222241495454831e-01 5.441777302053418808e+00
1.660000000000000142e+01 1.241782804095526416e+01 1.241782804095526416e+01 1.088344450003673192e+00 2.238805990434681592e-01 2.238805990434681592e-01 5.440689911366313858e+00
1.669999999999999929e+01 1.244030005664465577e+01 1.244030005664465577e+01 1.632339991449902383e+00 2.255639118993777725e-01 2.255639118993777725e-01 5.439127081992564783e+00
1.680000000000000071e+01 1.246294167394779429e+01 1.246294167394779429e+01 2.176147155360440344e+00 2.272727294684118715e-01 2.272727294684118715e-01 5.436881201256658080e+00
1.690000000000000213e+01 1.248575547245742889e+01 1.248575547245742889e+01 2.719683626789002773e+00 2.290076358422980241e-01 2.290076358422980241e-01 5.433654216412432625e+00
1.700000000000000000e+01 1.250874409104917007e+01 1.250874409104917007e+01 3.262831192125100532e+00 2.307692330805068137e-01 2.307692330805068137e-01 5.429018535925650646e+00
1.710000000000000142e+01 1.253191022970110780e+01 1.253191022970110780e+01 3.805420186888909484e+00 2.325581419024899399e-01 2.325581419024899399e-01 5.422361383894029885e+00
1.719999999999999929e+01 1.255525665140945790e+01 1.255525665140945790e+01 4.347207207117685712e+00 2.343750024251677888e-01 2.343750024251677888e-01 5.412805556273948326e+00
1.730000000000000071e+01 1.257878618417810834e+01 1.257878618417810834e+01 4.887843434314692814e+00 2.362204749239501522e-01 2.362204749239501522e-01 5.399097846663666544e+00
1.740000000000000213e+01 1.260250172309322991e+01 1.260250172309322991e+01 5.426829634094031185e+00 2.380952406375378416e-01 2.380952406375378416e-01 5.379452665173961812e+00
1.750000000000000000e+01 1.262640623244552529e+01 1.262640623244552529e+01 5.963452681379552978e+00 2.400000026037662493e-01 2.400000026037662493e-01 5.351335844763200456e+00
1.760000000000000142e+01 1.265050274795495966e+01 1.265050274795495966e+01 6.496696741899516070e+00 2.419354865389169440e-01 2.419354865389169440e-01 5.311171084472730897e+00
1.769999999999999929e+01 1.267479437911206119e+01 1.267479437911206119e+01 7.025120526787636877e+00 2.439024417659950983e-01 2.439024417659950983e-01 5.253952488321581349e+00
1.780000000000000071e+01 1.269928431149923576e+01 1.269928431149923576e+01 7.546690701932654122e+00 2.459016421617962744e-01 2.459016421617962744e-01 5.172755601825853589e+00
1.790000000000000213e+01 1.272397580938945794e+01 1.272397580938945794e+01 8.058561956876708621e+00 2.479338871934072264e-01 2.479338871934072264e-01 5.058165966108935763e+00
1.800000000000000000e+01 1.274887221832539552e+01 1.274887221832539552e+01 8.556798680927474976e+00 2.500000029767240339e-01 2.500000029767240339e-01 4.897703510193592180e+00
1.810000000000000142e+01 1.277397696783967795e+01 1.277397696783967795e+01 9.036046210319465644e+00 2.521008433961222095e-01 2.521008433961222095e-01 4.675434582230517222e+00
1.819999999999999929e+01 1.279929357431640646e+01 1.279929357431640646e+01 9.489187269981247397e+00 2.542372912876579849e-01 2.542372912876579849e-01 4.372146025555529114e+00
1.830000000000000071e+01 1.282482564387095003e+01 1.282482564387095003e+01 9.907068393255476835e+00 2.564102596570547177e-01 2.564102596570547177e-01 3.966684689200635994e+00
1.840000000000000213e+01 1.285057687548121308e+01 1.285057687548121308e+01 1.027844938255100971e+01 2.586206929926846976e-01 2.586206929926846976e-01 3.439203828459621359e+00
1.850000000000000000e+01 1.287655106424428197e+01 1.287655106424428197e+01 1.059039537643442941e+01 2.608695686479073350e-01 2.608695686479073350e-01 2.776791367947794242e+00
1.860000000000000142e+01 1.290275210459292410e+01 1.290275210459292410e+01 1.082933295512786209e+01 2.631578982449573889e-01 2.631578982449573889e-01 1.980857408737726644e+00
1.869999999999999929e+01 1.292918399403463070e+01 1.292918399403463070e+01 1.098283293372540825e+01 2.654867292413673474e-01 2.654867292413673474e-01 1.073688392836774641e+00
1.880000000000000071e+01 1.295585083666278514e+01 1.295585083666278514e+01 1.104183272615079225e+01 2.678571465015682773e-01 2.678571465015682773e-01 9.993115035162783433e-02
1.890000000000000213e+01 1.298275684698720056e+01 1.298275684698720056e+01 1.100260282821001567e+01 2.702702739827506639e-01 2.702702739827506639e-01 -8.802643106908841775e-01
1.900000000000000000e+01 1.300990635393400652e+01 1.300990635393400652e+01 1.086763863096613214e+01 2.727272765096534490e-01 2.727272765096534490e-01 -1.805165751723741385e+00
1.910000000000000142e+01 1.303730380503926867e+01 1.303730380503926867e+01 1.064505881186000202e+01 2.752293616560162470e-01 2.752293616560162470e-01 -2.626151581713088934e+00
1.920000000000000284e+01 1.306495377083056653e+01 1.306495377083056653e+01 1.034679478832652322e+01 2.777777817233682556e-01 2.777777817233682556e-01 -3.316289316983700886e+00
1.930000000000000071e+01 1.309286094943075973e+01 1.309286094943075973e+01 9.986353715254294272e+00 2.803738358376473561e-01 2.803738358376473561e-01 -3.870376901334693809e+00
1.940000000000000213e+01 1.312103017115292580e+01 1.312103017115292580e+01 9.576908894941668748e+00 2.830188721121907891e-01 2.830188721121907891e-01 -4.299049740029703415e+00
1.950000000000000000e+01 1.314946640375090325e+01 1.314946640375090325e+01 9.130093573438033516e+00 2.857142900464633706e-01 2.857142900464633706e-01 -4.621282527688799213e+00
1.960000000000000142e+01 1.317817475753540180e+01 1.317817475753540180e+01 8.655490709860428566e+00 2.884615429363097672e-01 2.884615429363097672e-01 -4.858300316432684340e+00
1.970000000000000284e+01 1.320716049098801648e+01 1.320716049098801648e+01 8.160611538861850534e+00 2.912621405339250180e-01 2.912621405339250180e-01 -5.029867357373290382e+00
1.980000000000000071e+01 1.323642901656020499e+01 1.323642901656020499e+01 7.651140293306762707e+00 2.941176518121559336e-01 2.941176518121559336e-01 -5.152622401470397406e+00
1.990000000000000213e+01 1.326598590664278454e+01 1.326598590664278454e+01 7.131271905527351684e+00 2.970297078699609128e-01 2.970297078699609128e-01 -5.239724229288246882e+00
2.000000000000000000e+01 1.329583689994418272e+01 1.329583689994418272e+01 6.604047919994273208e+00 3.000000050421505748e-01 3.000000050421505748e-01 -5.301163333064112138e+00
2.010000000000000142e+01 1.332598790825931268e+01 1.332598790825931268e+01 6.071646344609266777e+00 3.030303082183680163e-01 3.030303082183680163e-01 -5.344320049295383512e+00
2.020000000000000284e+01 1.335644502341846085e+01 1.335644502341846085e+01 5.535613205116362678e+00 3.061224543170998902e-01 3.061224543170998902e-01 -5.374545764840406470e+00
2.030000000000000071e+01 1.338721452469900086e+01 1.338721452469900086e+01 4.997039239989639725e+00 3.092783560058629533e-01 3.092783560058629533e-01 -5.395671477138171745e+00
2.040000000000000213e+01 1.341830288658006687e+01 1.341830288658006687e+01 4.456690681243002494e+00 3.125000056426902040e-01 3.125000056426902040e-01 -5.410415660338071753e+00
2.050000000000000000e+01 1.344971678696864181e+01 1.344971678696864181e+01 3.915104214257327797e+00 3.157894794835069963e-01 3.157894794835069963e-01 -5.420695698265465268e+00
2.060000000000000142e+01 1.348146311576815037e+01 1.348146311576815037e+01 3.372654948052638435e+00 3.191489421337782018e-01 3.191489421337782018e-01 -5.427858202414096667e+00
2.070000000000000284e+01 1.351354898394581916e+01 1.351354898394581916e+01 2.829604685394724317e+00 3.225806512973319329e-01 3.225806512973319329e-01 -5.432846174815836982e+00
2.080000000000000071e+01 1.354598173309565468e+01 1.354598173309565468e+01 2.286135955671627862e+00 3.260869628463424208e-01 3.260869628463424208e-01 -5.436318607866181374e+00
2.090000000000000213e+01 1.357876894554214964e+01 1.357876894554214964e+01 1.742375948142518505e+00 3.296703361936820231e-01 3.296703361936820231e-01 -5.438735439253044035e+00
2.100000000000000000e+01 1.361191845508121290e+01 1.361191845508121290e+01 1.198413224495286089e+00 3.333333401054989209e-01 3.333333401054989209e-01 -5.440417282463259063e+00
2.110000000000000142e+01 1.364543835817560335e+01 1.364543835817560335e+01 6.543094402330849046e-01 3.370786588226941660e-01 3.370786588226941660e-01 -5.441587518570513815e+00
2.120000000000000284e+01 1.367933702595903966e+01 1.367933702595903966e+01 1.101075124007115658e-01 3.409090986583087624e-01 3.409090986583087624e-01 -5.442401722573049661e+00
2.130000000000000071e+01 1.371362311534419831e+01 1.371362311534419831e+01 -0.000000000000000000e+00 3.448275945365334993e-01 3.448275945365334993e-01 5.442968178873698548e+00
2.140000000000000213e+01 1.374830558502349120e+01 1.374830558502349120e+01 5.442701898181196984e-01 3.488372184049230995e-01 3.488372184049230995e-01 5.442401644870469291e+00
2.150000000000000000e+01 1.378339370737996283e+01 1.378339370737996283e+01 1.088472076884783535e+00 3.529411865471899779e-01 3.529411865471899779e-01 5.441587293050152319e+00
2.160000000000000142e+01 1.381889708328946575e+01 1.381889708328946575e+01 1.632575791640969332e+00 3.571428681564082219e-01 3.571428681564082219e-01 5.440416804983303045e+00
2.170000000000000284e+01 1.385482565874117000e+01 1.385482565874117000e+01 2.176538413159005980e+00 3.614457948421325728e-01 3.614457948421325728e-01 5.438734591678409558e+00
2.180000000000000071e+01 1.389118974227249126e+01 1.389118974227249126e+01 2.720298269152481740e+00 3.658536707950270639e-01 3.658536707950270639e-01 5.436317211415801154e+00
2.190000000000000213e+01 1.392800002182906560e+01 1.392800002182906560e+01 3.263766767598673457e+00 3.703703831110730649e-01 3.703703831110730649e-01 5.432843941292739842e+00
2.200000000000000000e+01 1.396526758360183962e+01 1.396526758360183962e+01 3.806816693848703803e+00 3.750000132092771721e-01 3.750000132092771721e-01 5.427854752452321740e+00
2.210000000000000142e+01 1.400300393196360282e+01 1.400300393196360282e+01 4.349265474360837658e+00 3.797468490955223652e-01 3.797468490955223652e-01 5.420690494086547240e+00
2.220000000000000284e+01 1.404122101103947884e+01 1.404122101103947884e+01 4.890851240107886966e+00 3.846153987084620640e-01 3.846153987084620640e-01 5.410407927790913618e+00
2.230000000000000071e+01 1.407993122731540225e+01 1.407993122731540225e+01 5.431198793908389000e+00 3.896104041487317149e-01 3.896104041487317149e-01 5.395660129556283380e+00
2.240000000000000213e+01 1.411914747383153035e+01 1.411914747383153035e+01 5.969771330443985669e+00 3.947368571022730754e-01 3.947368571022730754e-01 5.374529294823074288e+00
2.250000000000000000e+01 1.415888315595651470e+01 1.415888315595651470e+01 6.505802428480874866e+00 4.000000154757035742e-01 4.000000154757035742e-01 5.344296294393831914e+00
2.260000000000000142e+01 1.419915221889993617e+01 1.419915221889993617e+01 7.038201094582214878e+00 4.054054213852604782e-01 4.054054213852604782e-01 5.301129266861211775e+00
2.270000000000000284e+01 1.423996917721438749e+01 1.423996917721438749e+01 7.565420943279947963e+00 4.109589206686574125e-01 4.109589206686574125e-01 5.239675639276408781e+00
2.280000000000000071e+01 1.428134914583105797e+01 1.428134914583105797e+01 8.085283483634274404e+00 4.166666838325234212e-01 4.166666838325234212e-01 5.152553563610668519e+00
2.290000000000000213e+01 1.432330787405194528e+01 1.432330787405194528e+01 8.594746480621701323e+00 4.225352290700037927e-01 4.225352290700037927e-01 5.029770535827115197e+00
2.300000000000000000e+01 1.436586178140425751e+01 1.436586178140425751e+01 9.089614112409082125e+00 4.285714470416295829e-01 4.285714470416295829e-01 4.858165480652856694e+00
2.310000000000000142e+01 1.440902799621668606e+01 1.440902799621668606e+01 9.564201094173235163e+00 4.347826278652899834e-01 4.347826278652899834e-01 4.621097454433022556e+00
2.320000000000000284e+01 1.445282439715039935e+01 1.445282439715039935e+01 1.001099444078594836e+01 4.411764905468506526e-01 4.411764905468506526e-01 4.298800171845185147e+00
2.330000000000000071e+01 1.449726965727410288e+01 1.449726965727410288e+01 1.042041033802886041e+01 4.477612148177664286e-01 4.477612148177664286e-01 3.870048652631016495e+00
2.340000000000000213e+01 1.454238329211028713e+01 1.454238329211028713e+01 1.078081419292986887e+01 4.545454761491962148e-01 4.545454761491962148e-01 3.315871780091777410e+00
2.350000000000000000e+01 1.458818571134334974e+01 1.458818571134334974e+01 1.107903167500397146e+01 4.615384840284323387e-01 4.615384840284323387e-01 2.625642054082697463e+00
2.360000000000000142e+01 1.463469827348511920e+01 1.463469827348511920e+01 1.130155625170863232e+01 4.687500232754436280e-01 4.687500232754436280e-01 1.804574693879718472e+00
2.370000000000000284e+01 1.468194334686186586e+01 1.468194334686186586e+01 1.143645826506632623e+01 4.761905002434470568e-01 4.761905002434470568e-01 8.796175941103320239e-01
2.380000000000000071e+01 1.472994437338040719e+01 1.472994437338040719e+01 1.147562243094793111e+01 4.838709925868544537e-01 4.838709925868544537e-01 -1.005949390794782794e-01
2.390000000000000213e+01 1.477872593854222316e+01 1.477872593854222316e+01 1.141655718697819211e+01 4.918033043625560374e-01 4.918033043625560374e-01 -1.074326520355396664e+00
2.400000000000000000e+01 1.482831384705346522e+01 1.482831384705346522e+01 1.126299622554900282e+01 5.000000265507106301e-01 5.000000265507106301e-01 -1.981433431224923769e+00
2.410000000000000142e+01 1.487873520483197431e+01 1.487873520483197431e+01 1.102400509275442531e+01 5.084746037689047427e-01 5.084746037689047427e-01 -2.777282544132680719e+00
2.420000000000000284e+01 1.493001850809492836e+01 1.493001850809492836e+01 1.071201449704662423e+01 5.172414079016446342e-01 5.172414079016446342e-01 -3.439602639899971948e+00
2.430000000000000071e+01 1.498219373996980863e+01 1.498219373996980863e+01 1.034059804729049858e+01 5.263158193739174706e-01 5.263158193739174706e-01 -3.966995932636656175e+00
2.440000000000000213e+01 1.503529247522593160e+01 1.503529247522593160e+01 9.922689571329023295e+00 5.357143170064954107e-01 5.357143170064954107e-01 -4.372381315365900356e+00
2.450000000000000000e+01 1.508934799604508825e+01 1.508934799604508825e+01 9.469528115498661691e+00 5.454545783200233089e-01 5.454545783200233089e-01 -4.675608360986533540e+00
2.460000000000000142e+01 1.514439541631121244e+01 1.514439541631121244e+01 8.990265635535335420e+00 5.555555899635832295e-01 5.555555899635832295e-01 -4.897829623917330011e+00
2.470000000000000284e+01 1.520047181980189066e+01 1.520047181980189066e+01 8.492018130348061078e+00 5.660377718996918439e-01 5.660377718996918439e-01 -5.058256318424660947e+00
2.480000000000000071e+01 1.525761640936769403e+01 1.525761640936769403e+01 7.980139183416984139e+00 5.769231147220339473e-01 5.769231147220339473e-01 -5.172819733879011395e+00
2.490000000000000213e+01 1.531587067179265027e+01 1.531587067179265027e+01 7.458563562815265335e+00 5.882353337728646325e-01 5.882353337728646325e-01 -5.253997701730571457e+00
2.500000000000000000e+01 1.537527855851857694e+01 1.537527855851857694e+01 6.930135928222460606e+00 6.000000414994455245e-01 6.000000414994455245e-01 -5.311202751012261913e+00
2.510000000000000142e+01 1.543588668549449849e+01 1.543588668549449849e+01 6.396889160316593603e+00 6.122449414135143764e-01 6.122449414135143764e-01 -5.351357900394511979e+00
2.520000000000000284e+01 1.549774455232869741e+01 1.549774455232869741e+01 5.860264214756868206e+00 6.250000455372203279e-01 6.250000455372203279e-01 -5.379467939277546407e+00
2.530000000000000071e+01 1.556090478537323207e+01 1.556090478537323207e+01 5.321276686641674303e+00 6.382979201097921385e-01 6.382979201097921385e-01 -5.399108354117196029e+00
2.540000000000000213e+01 1.562542340667856067e+01 1.562542340667856067e+01 4.780639524979815924e+00 6.521739632183645163e-01 6.521739632183645163e-01 -5.412812700418063727e+00
2.550000000000000000e+01 1.569136013283531383e+01 1.569136013283531383e+01 4.238851853172603157e+00 6.666667195228362930e-01 6.666667195228362930e-01 -5.422366177827865563e+00
2.560000000000000142e+01 1.575877870695198979e+01 1.575877870695198979e+01 3.696262408181286041e+00 6.818182377994992382e-01 6.818182377994992382e-01 -5.429021703260092480e+00
2.570000000000000284e+01 1.582774726896539086e+01 1.582774726896539086e+01 3.153114528866483912e+00 6.976744783141229922e-01 6.976744783141229922e-01 -5.433656248260671617e+00
2.580000000000000071e+01 1.589833876964102011e+01 1.589833876964102011e+01 2.609577848430331137e+00 7.142857786475131920e-01 7.142857786475131920e-01 -5.436882476466507796e+00
2.590000000000000213e+01 1.597063143460335155e+01 1.597063143460335155e+01 2.065770544163493483e+00 7.317073875590880405e-01 7.317073875590880405e-01 -5.439127848758361417e+00
2.600000000000000000e+01 1.604470928588771272e+01 1.604470928588771272e+01 1.521774907619959816e+00 7.500000792056970012e-01 7.500000792056970012e-01 -5.440690333494216269e+00
2.610000000000000142e+01 1.612066271660163252e+01 1.612066271660163252e+01 9.776482188609791901e-01 7.692308527297749832e-01 7.692308527297749832e-01 -5.441777485561580363e+00
2.620000000000000284e+01 1.619858917316254932e+01 1.619858917316254932e+01 4.334303501461364561e-01 7.894737657575534584e-01 7.894737657575534584e-01 -5.442533855269108045e+00
2.630000000000000071e+01 1.627859392326201871e+01 1.627859392326201871e+01 -0.000000000000000000e+00 8.108108984729713864e-01 8.108108984729713864e-01 5.443060104367526186e+00
2.640000000000000213e+01 1.636079085433469871e+01 1.636079085433469871e+01 5.442812803191413584e-01 8.333334270200388749e-01 8.333334270200388749e-01 5.442533812166668206e+00
2.650000000000000000e+01 1.644530349495330057e+01 1.644530349495330057e+01 1.088499114295000902e+00 8.571429579238791785e-01 8.571429579238791785e-01 5.441777316501436701e+00
2.660000000000000142e+01 1.653226611676736013e+01 1.653226611676736013e+01 1.632625752541466468e+00 8.823530503729017926e-01 8.823530503729017926e-01 5.440689981323263424e+00
2.670000000000000284e+01 1.662182502049211763e+01 1.662182502049211763e+01 2.176621317295569735e+00 9.090910293219341964e-01 9.090910293219341964e-01 5.439127236420955747e+00
2.680000000000000071e+01 1.671414000294131696e+01 1.671414000294131696e+01 2.720428510993311289e+00 9.375001251288437309e-01 9.375001251288437309e-01 5.436881463678402859e+00
2.690000000000000213e+01 1.680938611050391884e+01 1.680938611050391884e+01 3.263965022498913182e+00 9.677420708041849506e-01 9.677420708041849506e-01 5.433654624053492199e+00
2.700000000000000000e+01 1.690775559863773836e+01 1.690775559863773836e+01 3.807112644920026323e+00 1.000000152100986472e+00 1.000000152100986472e+00 5.429019150161970231e+00
2.710000000000000142e+01 1.700946027717493791e+01 1.700946027717493791e+01 4.349701713627099231e+00 1.034482930298091352e+00 1.034482930298091352e+00 5.422362265592328257e+00
2.720000000000000284e+01 1.711473426062042691e+01 1.711473426062042691e+01 4.891488840057895082e+00 1.071428763047691080e+00 1.071428763047691080e+00 5.412806821544521974e+00
2.730000000000000071e+01 1.722383721762401976e+01 1.722383721762401976e+01 5.432125219600188792e+00 1.111111322710478300e+00 1.111111322710478300e+00 5.399099660981907078e+00
2.740000000000000213e+01 1.733705822708489563e+01 1.733705822708489563e+01 5.971111637712979814e+00 1.153846386107447941e+00 1.153846386107447941e+00 5.379455263931459008e+00
2.750000000000000000e+01 1.745472039352143412e+01 1.745472039352143412e+01 6.507734997484495132e+00 1.200000254151398549e+00 1.200000254151398549e+00 5.351339561261106326e+00
2.760000000000000142e+01 1.757718640616904793e+01 1.757718640616904793e+01 7.040979504389406785e+00 1.250000278186142788e+00 1.250000278186142788e+00 5.311176387498702134e+00
2.770000000000000284e+01 1.770486528369654877e+01 1.770486528369654877e+01 7.569403925196943383e+00 1.304348133522328590e+00 1.304348133522328590e+00 5.253960030871051679e+00
2.780000000000000071e+01 1.783822060903556661e+01 1.783822060903556661e+01 8.090975002753108214e+00 1.363636704464063376e+00 1.363636704464063376e+00 5.172766280770211722e+00
2.790000000000000213e+01 1.797778069752349239e+01 1.797778069752349239e+01 8.602847531231192946e+00 1.428571807947894845e+00 1.428571807947894845e+00 5.058180988200520645e+00
2.800000000000000000e+01 1.812415123617110879e+01 1.812415123617110879e+01 9.101086038641437170e+00 1.500000424120703224e+00 1.500000424120703224e+00 4.897724450592825463e+00
2.810000000000000142e+01 1.827803117070573080e+01 1.827803117070573080e+01 9.580336038303645552e+00 1.578947844824985403e+00 1.578947844824985403e+00 4.675463405394862271e+00
2.820000000000000284e+01 1.844023289890354178e+01 1.844023289890354178e+01 1.003348046868050858e+01 1.666667215320876361e+00 1.666667215320876361e+00 4.372185014363402011e+00
2.830000000000000071e+01 1.861170821373299944e+01 1.861170821373299944e+01 1.045136609825954466e+01 1.764706517256255935e+00 1.764706517256255935e+00 3.966736203627759583e+00
2.840000000000000213e+01 1.879358215428554857e+01 1.879358215428554857e+01 1.082275294993516290e+01 1.875000724548339548e+00 1.875000724548339548e+00 3.439269815046284595e+00
2.850000000000000000e+01 1.898719781102492021e+01 1.898719781102492021e+01 1.113470630578469134e+01 2.000000847842821727e+00 2.000000847842821727e+00 2.776872608649724405e+00
2.860000000000000142e+01 1.919417652626012583e+01 1.919417652626012583e+01 1.137365273041179847e+01 2.142858133043665347e+00 2.142858133043665347e+00 1.980952678349209739e+00
2.870000000000000284e+01 1.941650055241778361e+01 1.941650055241778361e+01 1.152716279126099685e+01 2.307693460923916806e+00 2.307693460923916806e+00 1.073793928350777360e+00
2.880000000000000071e+01 1.965662880102001253e+01 1.965662880102001253e+01 1.158617340603846735e+01 2.500001354385585461e+00 2.500001354385585461e+00 1.000409200284295835e-01
2.890000000000000213e+01 1.991766310823899389e+01 1.991766310823899389e+01 1.154695439049169003e+01 2.727274426714219935e+00 2.727274426714219935e+00 -8.801573686600017155e-01
2.900000000000000000e+01 2.020359383496163375e+01 2.020359383496163375e+01 1.141200047322855582e+01 3.000002057282501244e+00 3.000002057282501244e+00 -1.805068011399122208e+00
2.910000000000000142e+01 2.051967561264622830e+01 2.051967561264622830e+01 1.118942980693882916e+01 3.333335881916706711e+00 3.333335881916706711e+00 -2.626067344874350784e+00
2.920000000000000284e+01 2.087302502550918248e+01 2.087302502550918248e+01 1.089117344016584710e+01 3.750003295558725913e+00 3.750003295558725913e+00 -3.316220281801420366e+00
2.930000000000000071e+01 2.127361963224969088e+01 2.127361963224969088e+01 1.053073844971323147e+01 4.285718768895709907e+00 4.285718768895709907e+00 -3.870322595911761976e+00
2.940000000000000213e+01 2.173607226011993276e+01 2.173607226011993276e+01 1.012129842350347531e+01 5.000006344872562458e+00 5.000006344872562458e+00 -4.299008480659276543e+00
2.950000000000000000e+01 2.228303776157267535e+01 2.228303776157267535e+01 9.674486953027891190e+00 6.000009450948870615e+00 6.000009450948870615e+00 -4.621251952683302022e+00
2.960000000000000142e+01 2.295246967486615475e+01 2.295246967486615475e+01 9.199886691226916824e+00 7.500015216613282298e+00 7.500015216613282298e+00 -4.858278042949558007e+00
2.970000000000000284e+01 2.381551801530803658e+01 2.381551801530803658e+01 8.705009447377324960e+00 1.000002778958421779e+01 1.000002778958421779e+01 -5.029851434373545871e+00
2.980000000000000071e+01 2.503191762753437644e+01 2.503191762753437644e+01 8.195539573457313764e+00 1.500006380860861377e+01 1.500006380860861377e+01 -5.152611134232731871e+00
2.990000000000000213e+01 2.711137218461219334e+01 2.711137218461219334e+01 7.675672153906557327e+00 3.000026067168756327e+01 3.000026067168756327e+01 -5.239716316678774355e+00
3.000000000000000000e+01 1.111504475905205709e+02 1.111504475905205709e+02 7.148453576387902686e+00 4.395715479772644531e+13 4.395715479772644531e+13 -5.301157401390223178e+00
3.010000000000000142e+01 1.111504475905205709e+02 1.111504475905205709e+02 7.148453576387902686e+00 4.395715479772644531e+13 4.395715479772644531e+13 -5.301157401390223178e+00
3.020000000000000284e+01 1.111504475905205709e+02 1.111504475905205709e+02 7.148453576387902686e+00 4.395715479772644531e+13 4.395715479772644531e+13 -5.301157401390223178e+00
3.030000000000000071e+01 1.111504475905205709e+02 1.111504475905205709e+02 7.148453576387902686e+00 4.395715479772644531e+13 4.395715479772644531e+13 -5.301157401390223178e+00
3.040000000000000213e+01 1.111504475905205709e+02 1.111504475905205709e+02 7.148453576387902686e+00 4.395715479772644531e+13 4.395715479772644531e+13 -5.301157401390223178e+00
3.050000000000000000e+01 1.111504475905205709e+02 1.111504475905205709e+02 7.148453576387902686e+00 4.395715479772644531e+13 4.395715479772644531e+13 -5.301157401390223178e+00
3.060000000000000142e+01 1.111504475905205709e+02 1.111504475905205709e+02 7.148453576387902686e+00 4.395715479772644531e+13 4.395715479772644531e+13 -5.301157401390223178e+00
3.070000000000000284e+01 1.111504475905205709e+02 1.111504475905205709e+02 7.148453576387902686e+00 4.395715479772644531e+13 4.395715479772644531e+13 -5.301157401390223178e+00
3.080000000000000071e+01 1.755638369432828938e+01 1.755638369432828938e+01 6.952217615004093076e+00 1.241362462951147716e+00 1.241362462951147716e+00 5.318913416934111460e+00
3.090000000000000213e+01 1.768316136996883614e+01 1.768316136996883614e+01 7.481569975454219090e+00 1.294945700085843976e+00 1.294945700085843976e+00 5.264967895360064709e+00
3.100000000000000000e+01 1.781553387457240945e+01 1.781553387457240945e+01 8.004458353274994664e+00 1.353363443689979961e+00 1.353363443689979961e+00 5.188358360962072702e+00
3.110000000000000142e+01 1.795401790961587452e+01 1.795401790961587452e+01 8.518190916362419429e+00 1.417300889080349791e+00 1.417300889080349791e+00 5.080128009935811484e+00
3.120000000000000284e+01 1.809920523505445544e+01 1.809920523505445544e+01 9.019036014506788490e+00 1.487579135616219128e+00 1.487579135616219128e+00 4.928344631186127422e+00
3.130000000000000071e+01 1.825177795030115391e+01 1.825177795030115391e+01 9.501900354346227928e+00 1.565190639631503178e+00 1.565190639631503178e+00 4.717661033245006408e+00
3.140000000000000213e+01 1.841252787306740046e+01 1.841252787306740046e+01 9.959983704766161239e+00 1.651346375561049795e+00 1.651346375561049795e+00 4.429359593053166400e+00
3.150000000000000000e+01 1.858238143832325662e+01 1.858238143832325662e+01 1.038448457157100790e+01 1.747539535047299530e+00 1.747539535047299530e+00 4.042446034623310425e+00
3.160000000000000142e+01 1.876243194333765985e+01 1.876243194333765985e+01 1.076449963254185782e+01 1.855632589464028870e+00 1.855632589464028870e+00 3.536528575896557225e+00
3.170000000000000284e+01 1.895398237458038082e+01 1.895398237458038082e+01 1.108732368088174880e+01 1.977979373553311992e+00 1.977979373553311992e+00 2.897049843262036184e+00
3.180000000000000071e+01 1.915860257849425707e+01 1.915860257849425707e+01 1.133938431351008447e+01 2.117598252880574794e+00 2.117598252880574794e+00 2.122500380390430319e+00
3.190000000000000213e+01 1.937820754300531689e+01 1.937820754300531689e+01 1.150791172702570542e+01 2.278424517694984885e+00 2.278424517694984885e+00 1.231381703422390173e+00
3.200000000000000000e+01 1.961516666406930653e+01 1.961516666406930653e+01 1.158312621006100507e+01 2.465687262711930838e+00 2.465687262711930838e+00 2.648395503672680285e-01
3.210000000000000142e+01 1.987245992274863937e+01 1.987245992274863937e+01 1.156030704977515455e+01 2.686488627020287012e+00 2.686488627020287012e+00 -7.187315878020518189e-01
3.220000000000000284e+01 2.015390756642070968e+01 2.015390756642070968e+01 1.144091075918686506e+01 2.950724936350344496e+00 2.950724936350344496e+00 -1.656764276110133327e+00
3.230000000000000426e+01 2.046451910723445522e+01 2.046451910723445522e+01 1.123221776865345234e+01 3.272610788265951864e+00 3.272610788265951864e+00 -2.497621409314775942e+00
3.239999999999999858e+01 2.081104471205759765e+01 2.081104471205759765e+01 1.094567721475837985e+01 3.673322697021480732e+00 3.673322697021480732e+00 -3.210523361207361148e+00
3.250000000000000000e+01 2.120288858900393691e+01 2.120288858900393691e+01 1.059468171028064454e+01 4.185856188087033303e+00 4.185856188087033303e+00 -3.786940616184822250e+00
3.260000000000000142e+01 2.165371314443978790e+01 2.165371314443978790e+01 1.019256504936011432e+01 4.864608045844171613e+00 4.864608045844171613e+00 -4.235389400007944616e+00
3.270000000000000284e+01 2.218447468499162056e+01 2.218447468499162056e+01 9.751270352091003346e+00 5.806086060137345406e+00 5.806086060137345406e+00 -4.573934550497035900e+00
3.280000000000000426e+01 2.282976357211455110e+01 2.282976357211455110e+01 9.280734436743770743e+00 7.199438358192856491e+00 7.199438358192856491e+00 -4.823747894248253232e+00
3.289999999999999858e+01 2.365300030139171383e+01 2.365300030139171383e+01 8.788802644785576490e+00 9.472712549857236652e+00 9.472712549857236652e+00 -5.005000470838807836e+00
3.300000000000000000e+01 2.479132727032206418e+01 2.479132727032206418e+01 8.281441999790732922e+00 1.384407950730147263e+01 1.384407950730147263e+01 -5.134904257921414583e+00
3.310000000000000142e+01 2.664805989802978203e+01 2.664805989802978203e+01 7.763072101461059304e+00 2.570713631245030939e+01 2.570713631245030939e+01 -5.227189471292773781e+00
3.320000000000000284e+01 3.248079248449722201e+01 3.248079248449722201e+01 7.236905570067824200e+00 1.796504760734968329e+02 1.796504760734968329e+02 -5.292340307199549621e+00
3.330000000000000426e+01 3.248079248449722201e+01 3.248079248449722201e+01 7.236905570067824200e+00 1.796504760734968329e+02 1.796504760734968329e+02 -5.292340307199549621e+00
3.339999999999999858e+01 3.248079248449722201e+01 3.248079248449722201e+01 7.236905570067824200e+00 1.796504760734968329e+02 1.796504760734968329e+02 -5.292340307199549621e+00
3.350000000000000000e+01 3.248079248449722201e+01 3.248079248449722201e+01 7.236905570067824200e+00 1.796504760734968329e+02 1.796504760734968329e+02 -5.292340307199549621e+00
3.360000000000000142e+01 3.248079248449722201e+01 3.248079248449722201e+01 7.236905570067824200e+00 1.796504760734968329e+02 1.796504760734968329e+02 -5.292340307199549621e+00
3.370000000000000284e+01 3.248079248449722201e+01 3.248079248449722201e+01 7.236905570067824200e+00 1.796504760734968329e+02 1.796504760734968329e+02 -5.292340307199549621e+00
3.380000000000000426e+01 3.248079248449722201e+01 3.248079248449722201e+01 7.236905570067824200e+00 1.796504760734968329e+02 1.796504760734968329e+02 -5.292340307199549621e+00
3.389999999999999858e+01 3.248079248449722201e+01 3.248079248449722201e+01 7.236905570067824200e+00 1.796504760734968329e+02 1.796504760734968329e+02 -5.292340307199549621e+00
3.400000000000000000e+01 3.248079248449722201e+01 3.248079248449722201e+01 7.236905570067824200e+00 1.796504760734968329e+02 1.796504760734968329e+02 -5.292340307199549621e+00
3.410000000000000142e+01 3.248079248449722201e+01 3.248079248449722201e+01 7.236905570067824200e+00 1.796504760734968329e+02 1.796504760734968329e+02 -5.292340307199549621e+00
3.420000000000000284e+01 3.248079248449722201e+01 3.248079248449722201e+01 7.236905570067824200e+00 1.796504760734968329e+02 1.796504760734968329e+02 -5.292340307199549621e+00
3.430000000000000426e+01 3.248079248449722201e+01 3.248079248449722201e+01 7.236905570067824200e+00 1.796504760734968329e+02 1.796504760734968329e+02 -5.292340307199549621e+00
3.439999999999999858e+01 3.248079248449722201e+01 3.248079248449722201e+01 7.236905570067824200e+00 1.796504760734968329e+02 1.796504760734968329e+02 -5.292340307199549621e+00
3.450000000000000000e+01 3.248079248449722201e+01 3.248079248449722201e+01 7.236905570067824200e+00 1.796504760734968329e+02 1.796504760734968329e+02 -5.292340307199549621e+00
3.460000000000000142e+01 3.248079248449722201e+01 3.248079248449722201e+01 7.236905570067824200e+00 1.796504760734968329e+02 1.796504760734968329e+02 -5.292340307199549621e+00
3.470000000000000284e+01 3.248079248449722201e+01 3.248079248449722201e+01 7.236905570067824200e+00 1.796504760734968329e+02 1.796504760734968329e+02 -5.292340307199549621e+00
3.480000000000000426e+01 3.248079248449722201e+01 3.248079248449722201e+01 7.236905570067824200e+00 1.796504760734968329e+02 1.796504760734968329e+02 -5.292340307199549621e+00
3.489999999999999858e+01 3.248079248449722201e+01 3.248079248449722201e+01 7.236905570067824200e+00 1.796504760734968329e+02 1.796504760734968329e+02 -5.292340307199549621e+00
3.500000000000000000e+01 3.248079248449722201e+01 3.248079248449722201e+01 7.236905570067824200e+00 1.796504760734968329e+02 1.796504760734968329e+02 -5.292340307199549621e+00
3.510000000000000142e+01 3.248079248449722201e+01 3.248079248449722201e+01 7.236905570067824200e+00 1.796504760734968329e+02 1.796504760734968329e+02 -5.292340307199549621e+00
3.520000000000000284e+01 3.248079248449722201e+01 3.248079248449722201e+01 7.236905570067824200e+00 1.796504760734968329e+02 1.796504760734968329e+02 -5.292340307199549621e+00
3.530000000000000426e+01 3.248079248449722201e+01 3.248079248449722201e+01 7.236905570067824200e+00 1.796504760734968329e+02 1.796504760734968329e+02 -5.292340307199549621e+00
3.539999999999999858e+01 3.248079248449722201e+01 3.248079248449722201e+01 7.236905570067824200e+00 1.796504760734968329e+02 1.796504760734968329e+02 -5.292340307199549621e+00
3.550000000000000000e+01 3.248079248449722201e+01 3.248079248449722201e+01 7.236905570067824200e+00 1.796504760734968329e+02 1.796504760734968329e+02 -5.292340307199549621e+00
3.560000000000000142e+01 1.070666214855019405e+01 4.016605927874039139e+00 4.016605927874039139e+00 -3.626992475494585033e+00 2.107946825049407025e+01 2.107946825049407025e+01
3.570000000000000284e+01 1.036426701846189680e+01 7.655132181184987061e+00 7.530156947072944362e+00 -3.235786679596056814e+00 7.089087945019775816e+01 6.591650256800511443e+01
3.580000000000000426e+01 1.036426701846189680e+01 7.655132181184987061e+00 7.530156947072944362e+00 -3.235786679596056814e+00 7.089087945019775816e+01 6.591650256800511443e+01
